100010000010010010000000000000001000000000001001010000000100110001010000001010000000001101100010000110000110000100001001001001000010000001010000000101101100010011001000000000100001
010011011000111000010101001010001100001100011011011100001000101010100000100000111100001010110010000100110000100000000010000110001001001000100100101010100010000000011111000100001001
011100010000011101100001100001000000001010000010001000000001110000000110000000111010110000100000010010001001001011000100100100000100000001100011110011010001000010000000000110110000
000001010110010000001010100000001010010100010110000001000100011000010000110101101011100100001010101101001000100000011000000000010000100000010000111011010010100001000000000000111001
011001001000001100000101101110000100001000000100011000000000111000001100100100001110000010100001000000001011000000000010110011000010000001010001000010001010010100000001110000001000
110000110000000100111011000010011001001100001000100001000001100010010000000011000000100100001011000011100011100100000100101001000010000000010100001000100001000110000010010000100110
001010000011000100010101000101110000000110010000011100000101111000000100010011001000011001000010110000001000010000100101001101001010000010100000001100100100010000010000110101001001
000000100011100000100001101100010100000100000011000000000000110010001010000011001001011000110001001010000011011001010011110000000101110101001001011100001100000101000000011001000101
100000001100000001100100101010010110000011001001010000000001001011010111100100000010010001000100110101101111011010110000000001001010000111000000000001001100110011000000100001000000
000001100010000010000010110101100111000100110010011100101100100100011000001000101000110110000000011000001100000000001000001011100000100010010100101100000110000000000000100010001100
001000010001100010010011111110100001110000000110100100100001110000000100000010101010001000001110000000010100001000111000111100011000000001100000011101000100001000110000101010000100
110101001011001001000010001101100010001101000100111010001110010010110101100000000100000000011100000111010000001000000001100000101100101000010001000000110010000001101000100101000011
010100100001110010000010001100110111100011110001000001001110101000000101010110000000000000000110000000100000100101000000101000100000100100000001101111000000100100000000000011000000
100101111011010000000010000110010111001000010110000000010010010011000000001000101000000000000001000110010000000001000000000111000000100001101010100001100001000010010010101101000000
100111000001000011101011010101000000000000001010001000001100000000101000001111101001001000000000001000101000100101000100100001001010000010011000000000000010000011100000101100000001
100110010001110110110000001100000011000010110000100000111000101001000001000010000000100000010001010000000000110000000100000011000001001000110000000010000100001000001010110000010000
000100110010010100101000101100011001100001000010000000011000101110001111000000100110101100110010000111001100000100011000001101001010001001000010011000001000100011100000000100110000
000000000010010000100000000111000100001010010010000010000100110100110000000000000001001000001000010010101011101011000010001111110101000010000000010010110001010000001001000010001000
000000111001000000000001011000000001011110000110001010100010001010010001000000101010011101000100000100000000010011000001000000000010000110011001010001001101000010000101100000101000
101010001010001100001001011100010000010010011010010100100100011110000010110111000100010001101001001000111000110000100100000000010100011011100100100010000011000101010011100110000001
010010011000000001010000001000100001000001011001000010000000000001000111000010010100110001001100001010000011111000100000011000100100000101111011101100000100100110001010000000010010
000000101000000001100000100001001001000101000101011100110001001011000000100010010011010100101001001000000000011000001000100010001000010100001010100110010001010000100000010100110001
000001001100010100010100000001000010000101000000010000101001000001000101010100000100001100010001001010100001000000100010101100001011001000000100000000000100001001101011101000000100
100000001100010000000110000001001010010100010010110001010000100100000100101000001000001100000000000010000000001001111000000001000000010000001111000110000100100000000000110000100100
011011110000101100111000000010000001000010011010000110010000000101011101000001000010100000000010100001000000110111101001000000000001010001100000001010001001001010010000111100000000
000101001010010101000010000110100100010000000001001000101000100000000001110100000100100110001000000000001100101000000011010000000000010010000011100010001000011000010000000000011000
000000000101010110100001001101011000110000001001010110011001001110001000000000000101101000110111000000000010000011000100010100000100001101000010011001000100011110000010100001000100
011110000000000000000000010001100010010000010110000110000001100111001000001011011001011010001101010001000000100010000100011000000100001110100011010101100101000010011000100101000101
000010011101001000000100101010100000001000010000011001000001101100101000101001010000000100000011010000011001010000001000010100100000001011110001000000001100010110101000000001100000
011001100100000110000100101001000000011010000000100000110010000000001000010010100000100010100100000000010000000101000110000110110000011110110001010100001001000110000111111010100011
010001100001011100000101100000000011000000011000110100010010000000000000101001010000010000010000110000001001110011101010010010001101011000000100000011010000101100101000010100100000
000110110010000000101010010100010011011000100001000000000000001000011110000000011100000000100000010101100010010000000000001101000000010110010000100000001001000101001110100000000111
010000000110001001100000100011101001000001001100010111000100110000000100101000000000001000000001101000110011110101111110000001000110100110011000000110000000000000010001010001110010
001001100101000110001000000000001000010101001000000011100001000001000100001000000000100011110100000000000100101000010001000101100100010000001011000100010010011011010100010100000000
000111010000110010001010001100010110100011100100000000000000000110100000001001000101001000110010010000100000000100000100000010000000000000010001010010100110110000000000011011000100
100010001000000011000001010000000001001000010100010000100101010001011100000100000000000100110100000001000110000000000101000010000000000000100001000010000100010100100100100011011110
101100100011001000000000110001000001000010100010010100010000001010000000000010001011001010100000010000000000100010100001000110101010010001000100100000010100001100001000000010010110
000101110110000110111100001100100000000010000010000100100010000101010000000010100000011100110011010100111001100110000000010001000000100001100000000011001000000010101100000000100010
110000100100000011100010110011101100010000010001000100000000000000100101000000101100000001100000100100100100111000100001001001011001101100001001010000100000001010100101011101010000
000110001101000010100000011010100100010100000001001001100011010100011000111110010011110000111111000000000111100001011000000011011100100011000000110010100000010000100001000000001000
100001001000100000001000110100100000111100000010001100011000110001000111111000100111001101000001011000110001000001000001100000000010110101011110110000001011000000000000011101010000
100100100000001000000000011100010101001001011001000010000100100000011011001110010110000000100100000001000000000000001000010101011100100000100000000000000010000010000011110100000101
011001000001010100110010001001100001000001000001011000110001000001000001001011110001001000000000000010001100100111011001011100000000010000001000010000010000000010000000000110100000
000100011010010100001001000000010010010001010000000010001010011001010001001110110111001010110000010001011001001000001000001000111001010000010001101001001000001000111100001011000010
000010001101100000001101000101000000000000000000001011001000000000000000100000001000111011110011001100100000000101100001100100000001001010101000100000001100001000010001100100011000
010000110000100001010111010000100101001010100000100010001001100000000000000001010001011000100001001010110000010101100011001010000101100111001000001010100000011000001000011010001111
110000010000100010010000010000011101100110101011011010000000000001000010000011000100100000011000100101101000010000010000001000000000000001001100100000010100000011000100000110101000
100000100001001000010100010100001001000010100000000000000001000011000100100010100100100010000001101000000001000000100000000100100101100000001000100001111001000010001111000111110001
010101111010101100000100001100011010001001100001110000000001100111011100001011100010000001000000001000101000000000100101000101100000001000100100010001101110100000100001000001000011
010010010100100010000000011010010011001101101011100000010100001100000000100111010010111000000000000100000001001011100010100000100000010010001000110000011101001001100001000001011101
000100010001000110000000001010000010010000000101100000001101010001000110000000010000010000000100100011001100100100000101100100001000111000111000010011100001000100000001000000000010
100000100010100100010000000110010011000010010110010001010101101000110010000000001010110000000111100110001100010000010001000000110111101101111011000000000101001101001001000100000001
100000000000001100000000000000010010010100100001111100000010000001010000001110100010100100011010010000100001000000000000101000100000010100010000001000010011001101101101101101000110
101000011010100000000000000100101101010000000000011100100000111000101110011101010100000010000001000000000000000010011000000000010000000010111010001001100001101111000010010100100010
011000010000000010100000000000000001100001010101010110000000011001000001111101000000011101001100110100101000000100010000000000000101000000000000001000010111111001000000000100000000
000010101000100101000001000000000000100100000000001000111100000000000110010010000000000111010000000100000110001000000001101010000000010110000000001000011000000100001000100101010010
000000010000100001000001111010000001010001100010001000001001000000001110000010000000001000100001001101010111101110000000000010000010001111001001000000110010001000110000000101000000
000000101000000001000010001011101010011010100100000100010110000000010100000001010000000001110000001111010000010011000101000011000001101011000010010101010010110000010000010010110101
000011000001100101010101101000101000100010000000100100000011001000000100101010110001000110011101000010100011001000000101000011001001100001000110000010110000000111100000011101010111
001111011010110100101000000010000001010000000000001100010000110100001000000001000000001000000010010000000100101100000110010100100010001010000110000001100000001011001011110100011100
