00000000000000000000000000000000000000000000000000000000000000000000000000000000000000000000000000000000000000000000000000000000000000000000000000000000000000000000000000000000000000
00100010101001111001100111111011100100001100110011010011011011100010011101111101111110101100100110000111101011100010110010100011111111110101001011001001010010010100010110100111010000
00011111110111100110111101000000110110111000100010100010111100001110101100110101111101100110111010110111011101011110110111011100011100100110001001010111110111100111001111100011111000
01001011110001011010110111101101101100011101100011111001000010110111111000011101101010001100111110110101101110111000010100011010111101111111000010010110111101101111100110111101010110
00001011101011011111110101100000111100111100111011010011110111110010101101101010011111100100001010011010101111011000011010110101101110110110001000111001001000000100110001001110000010
01111010000111000110110100100000110011001111011110110010010101010011101111101001001001000010100000110100100101010010100000111001011001110100010011100101111110100110000000000110101000
01100011011111111011000101011100010010111011010111011100010101011111111111010000010100011110111000100111011000111111100011100110110110000100001000111101100000011011011111111011111100
00110100101111111100100110101111111100110010101011001010010001101010111011110011011110010111100110101110100010000010101110110000001011111100100011000101011010010101100110011100111110
01001110101110011100100101011001011001110011111100110000011000101100100110101101011100000101000110100111101011111011111110110010110111111110011011001000111010011101100101100101011100
00111110111110100011000011000011101111010011101011010111000101011111001101111110110101110110100101111111011110001111011001101011100000001000101011010101110100100001101100101010001100
00010100110000001101101000011011000001110011001010011100100000110001010111100011101111001111001111101101101011101111001111100011100010101110101011111011101010011100111100111010111110
00010111001001011100001100010011000101110101101110110011101010010111101001011100001010101100110011111100111001011010000100110110111101111111001101010101011101011100101110101111100010
00101111000011001001010110101101111110101101111010100111000001011101111110010001001101011110110101101001111011000010111000010001001100101101111110001101000100100110001111010001010110
00001111111011110010000111011111011010101111111110011001000001110100001110111010011100011001100001010001000100000010011001011011011110101111101110000111100010010001101001110100111110
00000010111111011110100111000001001001111000001111110001101000100011010010011100011011011001100101111000011000101101111000101000001111000110100010011001101011011110110101111110101110
00001000111000011011110011110010011001011011101001011011110010101101011011000000101001110111001101111111101010001110101111010011110101101010111010001101100011101000011101111100011010
01010100110001101011110111101111111011111110001100110001100001111001101110100011100011110110010111111101101111111101110100111101011010101010110011100110000100100011111100101111010100
00110000110010100110101011011111110111011011000110110100110000011110000111110010101010101111110000011010100101111000011110010111000011101011111001101111111111010011111001101001011100
01101011000111101001010101101000010100100000101101111011111010000011001110010100001111001000010110011011100100100111101110111010111110011100101100110011111011011111010001110101100100
01101100101100011111111001000011001101100001010010001111111011111101001110011101001000111101010101010110111101101011111101101011011110011100110100110110100110110001100000110101000010
01001111010001000110001011111100000001010001100000010100010010101000011000001111001001011011011001000010100100111111011100010000011010100111010001110111110100101001011011111000110100
01100000110110110010110110111111110000111001110100100011010110101101000010000110101110110111111110110101001110100010010010001011100010000000110101000011110001101111011101110001011010
01111010111110111110011011010101001001010111011111101111100101101010110100001110111001101110111100100010111101010011011101100111111000101011110110110010111110011111100101100111111100
01101001011111100010011111011001100110111111100110010000111010010100010011010111100111100111011100101011110101011010010101110101110010111011000010010000111011011001000110010110000100
01110111111100101001110001100101111010101100111011011100110010110100111011101100100011100011000000110111111001101100011001111110111110000100111001110010011111101111001110000001000110
01010100110111111011001101101000011101010100101001100010110111111111100101111001100110100011010111101100100111001111101101101011000111111010111110001101111110111000010110000100010010
01111110000101000010110111010110001000111001001001000010001001110001110110000010011011101111100111011011011011100011001001100111101110110110010110101001001011010100100001011011001100
00011110110011111100111000011111110100100010001010000000001001011101101101011011101111001001101001100110111111100010001101010111011001110101111100000011111101001110011100100011001100
01101010100011111001011100000110001001110111100111101111111111111101110111111010111110000010101011110000100011110000101011011111110000111111000011101100111110111111011101100001111110
01110111101000100010101100100001001000110111011111010010111001111100000010011001111111100001101110101100011000010000110110111010011001101011110111011111000011011100001101001100111100
01110110101100001011101011101110100100110101111101100011100010100000100110111110111100001101011001111110011111110011110010100011101101001001110010101101011100011010101010011101011110
00110111101110101011100011110110000010011110000100101110111000001010110111011110001111100010110100011001100011011010111110111000100101010000111000010100111101000000000111010101010110
01101100110010111100110101110111010100100010111101000011101000010110010011100011100011100000011110010110101101101100110111100111111001110001110101111010011010111001111011101011111110
00101100111101100011011011000111010100000100101111100110101010101001010011011111111100101110110110110111001011011010100010101111011101111010100111101010010101000111111100101001111010
01011100100111000101010111000110100111011111000010000001101010000000110001110100001000111101010011110111011011010010101000100000100111011110011001110001011011111101111111111010100000
01000111010000101111101101110000011110111111100000010010100110110010100010101101011110101111010100011100001101101001111001001100101010000111111101101110000011100010111100011111010100
00010011111101001110010011001100000100001101001001101001111100001001111110100100001111101011111011100100001010001011111110011110110011110111001111110111101111101011010001111011111110
01011101011101101001110110111000010111101011100011110101001111011010000011011000011101111010110110011110011010011001011111011110111100001101111011001010111000111011111000111101111110
01011111111001100000100100001101010011010010100100111101010111001100001000110101100001011001110111101111010011101011111100011110100101010000001111101001001011101010011010001111111010
00101110111110111001101100110000111010110000011001010001011101100100011011100111011000000100101111000011111111111001111010010110101101011111111110110111100011101010011111111000110010
01111101101111001111110101101011001101001111010101101000101000111011010110010111010101011000110010000001000100110001111001110101010011111111011001001011100101110111110011101110110110
00100011110000101110010010001011111000101000110011010111100110001011100110000011001011110100110110001111000000001111101111000001110111001110110101110101011010111001111000101111000010
00111111010111001011001111001100111100000100111101011110011100011000001010011111100001110011000111110010001011011000111011111100100011111010010111101001001111011100011011100110001110
01100011111101111000010101100110111100111011011011000111111100010101011111001000000101011000110010111110011101110110011111011001101110001111101100010110101011011100000110110010111010
01001011111111110001010000100101000111100101110111010111001010110101010011101111111101010111101111100000110010000010110101000111100110111010001101011100111101110001100100111011111000
01101010010010010100010001111000101101111101110110101110001101101000011110111100101010101111010100000011110000000001111110010111001110011111010101011111110001011000111100011000001110
00010010011001100001001100111000100101111110010010000101110101101001111001101011101110111011100100000001110010001010110111100000101001001111111111101100101010011100000101001110101110
01010110100111111100010011101101101100110000001010111101001100101001101111011000110011010011011101100101110000000110101110010010011101110101100000100100101101001111010111111100011010
00011000010111110101001010111111101001010111111001111011110110100010101100110011010111101101111011110011111010111001011010010111110001111111011101111111000100001010010110001101001000
01110111000110111110101011110100111001011001001110011110011110011000000101110110010110010010111100000101010001110001010001111010100010100111110110100101111000001010000010011111111110
01101111011010110000100100100110101111011011101011001101000011011010100010111011111101101110011101101111111011101010000000010011111010110111110000001110111100100101101001001110101100
01111111001000111101100010111110110110000110010001010000100000011111000100111110001111101110100010101111001010011010100011100111110111000101010101010100110011110010110110010100011010
01110000011101100011000000011101100011100101101101101110100000100111011111110010111101100110111101011011110110111010000111100110011000100111100001011100000110011100111100010110111010
00110001000101011011111010011000110001111000101110001000110110111110110011010100101001111101010101011010010001011010111011010011111001111011111111111001000100101010010111010101001110
01101110110111100000001110001011001011111101101111111101101100011000110000111001001101111001010011101111001011011111011011101010111101100011111011100111001101010111010101100111110110
00101101001100111000100111101111001111011010101111110000101110001010101010001110110000110001110101100101110000000110001111110011010011101010000111101101010001001011110111110010111000
01111101001101000000011010111011111100011110110011000111110011010010010110100011011000100110111011011110110001000011000111000001011110111101110011101011111101111110101101001101010000
01011010011111110010000111110101000111111101110111111011011001101111110001001101001101011001101111111011010101110110000001010111001001010001111010111001101010001111011001101011101110
00101001101111011011111001000101001100001110010111001010010001110100101111101010110101110110101000100110000111001101011010010011110101011000010011000000010010110111001111010111110110
00001100110110110101010010101101110010111101111011001011100111011100101011110101001011011010010001001110111110111110101010100011110000010000111101110011011001010010000101010000111010
00010010001001111001111110100110111010001000110001101000011000000111111111000100010111111001100110010011111101011001110100100100011100101101010010100011101100101110100011011100000010
00000000000000000000000000000000000000000000000000000000000000000000000000000000000000000000000000000000000000000000000000000000000000000000000000000000000000000000000000000000000000
