00000000000000000000000000000000000000000000000000000000000000000000000000000000000000000000000000000000000000000000000000000000000000000000000000000000000000000000000000000000000000
01111000010101001100100001111010111111100011000001001000111100010111111110101011110010011111111000110001101111001101101110110000000100011101010110011011011001011110011000000000100010
01110111011001010110110011111001101011000001000100100000110011000110100111010110110000110101011110001011000011111011001000101001100110010101101001000100101001000100100000100101010010
00001101101111001111101010011111101101011001101000110000000000100101011100011111110001001011001000100001011101010110000011011110101111000010110101000011101101111000101001000100101110
00010110111111111001101110001011101111111111101011010000001010111100000101110001101000000100101010000010011101111001000110000000100011000111010011000001010001111110111101110001011110
01111010110111110011011101101010011100000001111101001010101000001010110111010101101101001100101111101001100101101010010110101011101001011110110110111101010111111011000101000000111110
01011100010111000011001100010001101011101001001100000101001001100111011010100110100001011001111110110100100100110010011101100010110011110110101000011000101101000100001011010101111100
01000111100111100010110001111001011111101111101000010010101000001010111001001101101101000100011010100110100111001000001111000100110011010011001001000010110100010111011010000010001000
00010100010111001011110010100100101101000011100111111010110101001000010011000010000110011110111101101011000011100110001100100111010011001011110110001101000101101001000001111100001110
00111100010111000100011100010101110001101010100101110100011001010000000001001010101010110011010010100111011100110010111000111010001111100100011011100000110100010111001001111011100000
01011101100001010111000111100110101000110110011110100010001001010000101101110101011001101011110001111100001000011111111001010010000011101001001011100010111001011100101111111101001110
00100110100001010010100010110100110110001010000110011000100111100010010010110101110111011010101010100111001100111000010111100111011110110111010100011101001011011111001101111001110010
01010111110001011110011010111110111100111110001110110000010001101111111101100010100101111010100101001001100000011000110111101110011110100111001010101100101110111100101111011100010100
00111100110111000010100000111000001100111100001000100110101011011101000000000100101100101000011011000001111100111011001100100000010111001101011000001110011100000011000000001100111100
00000100101011010000010101100111001011000010001110010100000111001010100100110000101100001101111000000011100110110011011110011010010111010110000111010101100100011001110101100011000110
01000010001010111100100000001110101011001011001110100111000011100011001110110101010010111001010000001000101001100101011100111100101101010100110111101011101100111000000101110001100110
00111011000011000000010101011010111000110111010110111000000000110001110011101100001111111110001101010101111111010111010010011000111101110000010110011000010110100000010110010111000010
01011000000100111001100011010110011111000100110110100010111000100011100100111010111001100011110100001100010111100001000101100110010110000010111110110100101011110101001010100000100000
01000010101110100111101001111101011100001101010111111111010100000001111111001001101010011011011111010011101011111111000011001101100011100111100011000111110011010000100011000110111110
01110100001001111000111011101000011001101110110001110000001000110010100011111011011100001011110000100111010010101010111011001011111001001011010111001101000100110010001011101111100010
00101000110100001100011011111101111000010110110011001001000101011010001011011000100001110110101110100111100001101110001111001101011001000111111001101010011000011110100110000010101100
00110000010111110100100011101110001111000110100111111101101011011111111000010001010000110101101111110100100011100010101001110001110100000001010110111101010101100010010100001010101100
00101001100011110011001100011001001111001111110000001000001010010001101101100011010000000111110101101101001101101001101011011010101001110010001011101100001111100101001011110011101010
00101001110111110001100111110110100010010011111101100000101101001110011000111101110001101101011110100010111000110011010011100111000011111110100111000110111111000110111000101110011110
01000011011011101101011001111110101110110100011111001111001000101100011001101001101111001100111000101101110111000110011111000010010011011110000101101001101111011110110011101110010100
01101000111101001100001011111000110000010111000110100101110000110010111001001101000011111110001011100110011110010110111111011010000101010001001111001110000010100111110010000001000000
01000101101100010010011111100110011001110010100101100110010100110101000111011100101011011011000100010011101111110000011100101000000011100000000001000100010111011010110001100111101000
01110111100011110001100010111000000100110001101010011110000001111010000101011110100101000100111010001100111111110110001100111011111010100101110111101100101000011110010111111110110110
01100101001100111101001111000100011101101100100101000001001010110111001100100010101111011000001001101101011101100011100010001001100011011101001100001101000101000000111010111010000000
00011100110011001010111011101111100111001000000110111111001110010111101111101000100100000010111001000101001001100001100100111100111000001100100010110111110000000011011001010000011110
01000100101110101110100111101100110101011001101110110111011101001101101100110100110110111101100101111100011010100011100111011100000000110101010110111011001010100101000111101110001010
01000001001100001000101101010111100001110111110110010001001011100011011100100111011001001010001000111000110001101100111101001101010101000111010010010101111111010000111100100010111000
01111101000101001001111110000111000001000010000001000100011101111111000111100010111011011111100001010110101100110000011001101011110010011010111000100011001001110110001111111111010010
00000100011110001111110111110101000001011110000011111101110000111011110111010111110001000001011000100101011011010011010011111111000110110111000000001001100100100001100110000110100110
01001100011001111110110100100010111000011010110010110101000100100011011101110111100100100110000010101111110001001100100011100111110000111000001101101110011111111010101010101111100110
00110001100101110110111010111011001111101100011000111101001011110100011011110101010110110100000100101110011011010111010101100111010000110110101101000011100000001000111000011110110100
01111100111110010011110000000001111010111100110100101101010110011100100010111101101101101101001011101011111110010100000001100010101001010001110101100101001111110000000000111010110000
00100111111000101101000001000110110010110010000110111011010101110011110101010000001010010001111110110110100001101000101101111011001001011010001101010101001110001010001101101000001010
00011001010000001000011111101010101110100110110100111010011001110010111100001010011010101000101000110101000111001111111010000110110100010000101001100100001001001101110111101110000100
01011011001111101001110101010111110101001110001001101010110101111001101101011011010101001111000000111010000001000011000000011010100000010011100010100101001011101101010010110000010000
00001101101011111000000111111101000110000001111010011100000000101110001010011100010111110110110100001001100100110001010111001000000010010100101001000001011001111100001001111100010100
00010110111101100111111100000010101111000010100011011011111111110110011101000100011111100001101001001001111100101111101101000010010011100001011101110010111111000100000100101100110110
01011110111001011111100111101110011000010010100000101011101111010000011010011110011100010100111110100110100110100100011100000111001011101111110100101001010101110000111100100011010010
00011110111001001000111110111110100111001011100011101101100111011100110111111101101111111100110010100011010011100100001111101100010001001011100111011111101001000101001101111101011000
00111111111011101100010011010010111000110101101001011011111000001010101111000001111110001010001111111011110010111101010101100100011011011110100111110010111011011010110110111101100110
00101001100101010001100010101010011001111000111010101110000110101110100001100100111110100100001001010000000100011101001011010011111000010100110010011101001011110101011011000011100110
00111101000011011011011100010001110001010110010000111010001000111010000010000110100011111111100110001101100110100111111110100110000000001011010110100001100001111001000111100100010010
01001100010010011110110001010001001000011010011010100011001011011101000111010100001011111100100111110111110010110000100111111111010111011100101101000100001101110111001000111100010010
00011110011011001100111100110101101010001011111010110010110011101101001111010001101000011110100010110110110101010111110101110111001110011001000001100010111010101100010000010011111110
00011011100010011110100010011000101001111101100100110001101000101101001111001011111110111110101000110110111110011000101000010000000100011111001010000001010100011000010110110101111110
01000000100000011000010001101000010000100001110001101010011101111010101100111101000110101001100100010010111011110110101001110010011100000101000110011111010010101011001001001100101100
00010011010011100001010010000101111010010000101101110011111011000111011011101110011101000010011010011110111101011101111111100011010010000010101110110010000100000100111111001100001110
00000110111000000000101100111101100010010111010111000110011001101010001111011001011001010001101100001110010001111011011011010110110011010001010101101111010101101000001010101101001100
01001001101100101101110101101001011000101000110111101001010110000100010111111011110010010110110101110001011101010110110001110101100000001001011000101000010110100010111110001110101100
01100110111111010001101100001000110001010100010011011011001101011001101110001111110111100101100010001010110101010110011001111011100101000000101011001111000000000010111100111111100100
00100000010101000110010111000100111110110111011111110111000011111101011011100000111111111101000100100010011100110101111001010010001111011101111110000101110101111000010011100101000010
00101110011101101110101010101100110101001000101110001101100110101111111001101111101010001100111110111001111011011101001101011101111101011001101110010010000110100011000111111010111110
01011100100010010101111001000110000111001110101110011111101100100000000010110011111101111000100011001101101001011111010001011101111101111100110010111110000001111011110001010100111010
01011111010000100110001001001011000101101001111010101100000011010110000011110000101111011100011010000110111001001011010100100011001110000001001111111101111100100000111000110010111000
01101010011000010011100010101100110011111011001110011111111110000011010100101100101100100001100011101001101001100110100010101001001111000100001001011001100000000001001011101110001000
01111101010011111110000000111001011010000100110110000101110110001000000111101000001110000111011100101110111101100110001001111001100010011011110110110110011011001101110101010010111000
00000000000000000000000000000000000000000000000000000000000000000000000000000000000000000000000000000000000000000000000000000000000000000000000000000000000000000000000000000000000000
