111101101110111010111110111000110001011111011111111000101111101101111111111011111111111100111110101000011111011110110101011101010111110101101111101110111101110100111111011101111011
111111100110111110010010111111011100111011011111111111111110010011101011110111100111111111011111011101011110111101111011010100111110010111101111111101100101111011111000001111011111
111010101101111010101111011011011101110110011010111110001111010101110011111000100011100011111111111000110101101111110110111110111010111111111101111010101111101111011011110110110100
101111001110011101011101101111110111011111101011010100111110111110100101111111111111111111111011110111110111110111011101110111111111011111000111011111111001001010100101101111101111
111101111110111100101110011001100110110011111111100101111011110101111110110010101011110110011111000111011111011011011110110111110101101011110111011111110110100111011111100011111111
110001111111010111111000011111111000111011111111111110110110110110111011101101111110111111111011111110011111111011011101011111011110110111110010011111110110100101110101010011100010
111101110110111011010110110110101100111111000111110100101101111111111000111111111100011111111100101111111111111111011100101110110101001101111111101110111110111111010110101111111101
111110101011110011100111101101110110001111011110011110111111011110000111110110001111100011000000101110111111110111011111111101110001101111111101000111111100100111111111110101010110
011010111000111011100011110111111101010011111110001101111110101100111111011011100101101111111011011101011110101001100101110110110111010111111101110110011111101111101111111111101010
111011001111110101001010011101111111111111000101111111111001000011001110011000111110111111011100100110111011111011111100101110011101111011101111101100111010100111111101111111111101
010110111011111111111101111111101110111110111001110111110111111011111011100011111111011111111111101001011110111000111100111111101110111111110111101011111111111011100101001010101111
110101111101100111101111011111101111100101011110011111011111000101111110111111111110001101011011011111100101101111011111111111101010011111101010011101111111111101111011110110111111
101111110110001111110111111010001111111110111111101101001100001011111101111110111000100100111110101111111110011101111111111110111101010001101111111010101011101111111101110110111010
011100101111110101011111111111101100111111111110111001011011101110011000111101111111001111011010111011010110110111000111111110010111101111000011111011111111101011001101110111111000
001100101101011011111101001101111101011111100110011111110101010001110111000010000110110111110111101101011101111110110000011111111001101111111011111111111000111111011111001111011111
111011101001101111111111011100001111101101111101111001011111101111110000111111011111111101111111000101111111111001111111011110110111111111110010010111111111101001110010110101011111
110010101101100111111110111111100100101011111111101101111111001101100111111110101111101010011001111111101111111101000101100011111111011001011010110010010111011111010000001110110010
111110101111001101010111101111110001111111101110001100100101111001101100111101010110101111111101011100111010111011111011111101000011101011111011001011110111100111011011111110110111
110100111101011101111110011111011111110011111010110110111011011101101111010101011110100110111101110111001011111110101111100101111111011111111010011111101011011111001011111011111111
110101101111111001011111111010111110111010110101111111110010101111011111010100111111111000110110011101111111111111111000110111110001111101110001011010110100010001111111111000111111
110110111111111101100111111010111110001111110111110111101111111111111010111011111100111011101110110011110001011001110111100100011010111111111011110111111010111111000101110010111111
101011111110011111110110110111101111011010111111101011111001101000111101101011110111000110100101101011111101101100110111111101111111101110011111111111011101110111011011111111011100
100011011110101111011111110110101111111100111101100110110011110111011011000110111111101111010111011011011100111001101101111111011001111111011101111101000110111101101101110011101101
011111011111110011101101100011010111101110001111110101101111101111111111111010011111111011010111101111001010011010001111110011010110100100011011111111011101110110011001111101101111
110101111011011111110111010111011111011101111100111101111010111011100111101101101011111110100111111111011000011100111100111010111111011011101111000101000111100101001111111101011100
111111111111111101101111100001111110101101011111111111001111111111110111111011011110101110110111101111110101100111111100001110111010111101111010111011111000110111011111101111000111
011111101010111101110011100101111001111001111110111111110101101100110011101111110110111011101111000110011100111111101111011011101111110000010110111110110011111111011111110001110111
111001011011011111010110110111111111111111111111111011110111111110001011100001110111110001111111111111101111101110111111111110111100111101111111111111111101010100010110110101111111
101111110111010111011100010011111110000110101111111111011011010010110010001111111101001101001111001111101011110011010111111101111111001100111011111111111111001111011110001111011110
111111001011011101110111111111111111011101011111111110010111101111001100111011010111100111111110111111111111110111111011011011011111011111110101101101111001111100011111011101110110
111101111001111101110101111110110101110111001011110111111001111010111011001011100111110110100111101100111101011101111111100011000111011111101111011101101111111010000101111101001110
010101010111110001110111101111011111111111100111110111100110101111001111000111001110111111011011111100010111001111111101111111110111111101011111001011111111111001110100111001111100
111101110111111001101011101101011101101011011101111101100011110111011111101001011111101111010110001110111111101111001001111001101100111111101111110011111111111101111111101110111101
111111111101011101111110110111101101111111111001111111111010111110111101110011101011001010111010111111110111110111110110011110110111111101111011100110111010110000111111111110111111
011011101101111100011111010011001010111011110111111001111100101111111111111010110001101000011100111111101001101110011111111111111111101011110100000110110111101111111101111110111010
110101101010111110111101011101111110000001111111011110111111000110111011100010001100100110011100101010011110101110101111111111111111111001111100111000100001011010011111110110110011
111110111111010011111111011110000111110111110011111111011001011011101011111110000111111101001101110111101111110110111110011110110111011100111110101100011111101111011011111111011111
111111111011111110111111111001111010011101111111111111101011101011111011111011011111111001001110110101001111101111111001111111110101001101101111101011111111111100001110100011111011
111111011110010111110011110110000001110011110111111011011111011011111110011000010100011101110110111010110100111111110111111011110110101111110101110110011111111110101011111011011011
111110111001001011111011111111111100011101101111111011101010111111001111111111100111110011111011111111111111010111010101101111111111111111010111111101011110111100110101000111111111
011111100111111100111101111001111011110111111011001111011111111111111100111111101000100011100011111100001111101111011101011110111101110001111111001110111110001110101110111101111111
111101001111110111101100101001111011111011111101111000110110011111000111011110101110111111111110111000110111101110101101101111011010101001000111111111011101110111111101101101110110
111101111011101000110011011111100111010111110100111110110010101111001011111111111111111110101111110111001111111111101110101011111111101000111110110101101111101111101011110011110111
111101100110111011011000111011110101111101001010011101010100011111101110101110010011011011101010000111101111111011100111011110100100100010011011111111101111101111110100110001010111
100011111001101111110010111111111000111111111011101101011100111110111001111111101011111101111111111010100001111010100011100011111111110110110111110010111101011101011010111011111110
001110010010100101001111111011011111001100111110111111110111010011001110111111111101101011101111111101011100110001100011111101101010111110101111111010010111100111001111101101110110
101111100011011111011111111011111111111111011001101111011111111101011010111011111101001111111011111000111111011111110011001011111011101101111111110110111111101101111101001011111001
101110110101000111011100101111010111111110010011111111011111111010111111011111101010111110110111110110111111100111111111011111111101010011111111101111101111111111111111111111111111
111011110101011111110001110110000101010110010100111111000011111011101100000000110111111101111111111101110111111111111111101111101111111011110010100101110111001111101101100111101111
111100101001111011111111111100111011010010011101001111111001101011011111111001111111111100101110110001111011110111111111100101011011111110011010110110101011011011111111111101111111
101101011011011101011101011011111111101111101100001111001110111111110111110101010110110111011101100101011110101111100111001111011111111101110001110101111111101101111011110111111101
011110111011111111111011101101011111111110100001110111111001111101110111010101101111111000000111011010011111111011101001011110101101110101111101001110101111111110100110111011011101
101111011110101111111100111111111111111110111001110001101101100101110110001101111100101111101011111110110111001011011101111111111101010011011000111111111011110011000111111110100101
110001111011011010110100000110111111111011010111101011101101101011011010101011111011110010111111111011101101111111110111111101111110111101100011000101100111110111110110111111010111
011110101111111011101110010110110111111101101101111101000001111010100100011111111111111011110110100111011111111111100101111110101101000010101010101111111100101101111011110010011111
011011111111010101111101011111011101001111101011111000111010000101001111111101110001111111011110011111001111011111101011011100101111100101110100010011111111011101111111111111101111
011101010011111011110111111011101110110110110111111111111111010111110000111010011001110111110010001001011101011111111011111111011001011001100001111101011111010011001111100101111111
111100011100001111111100010111111101011110111111111010110111001111110100110100101111110011110110110111101100100111101111111011110111100111101111110111011111110100011111110001011111
011101101101111111001111110011100100001100110111101111111111111011101110111101111111111110101111110111011111101011111000111110101101110101001111101111010111001111110111111101101010
101011111111101011001110100100101100110011001111111110000110010111111111111101101110011111110111111011110011001010111010111110111010110011111111110111011100110100110110011111111111
