010110010000011001000000000010000010100010000000100101000010000011010101001000000001000000110000000000000010100100001011000000000011110010000100001011001010000000001101010010110000
000001100000101110000000001100000001011001100111000010101001100000011001010011011100100010010100000011101000001000001100100100000011010000010100110001001101010000001100001101000001
000011101000000000001111011000100000101111110011000010000000000101100100100000010000011011001000010110010000000000100110111101011011100000110100100010010000001101000000000100011000
000000000010100000001000011001000001010100000010110111000100100111000100111000001011011000100010001011010110100001000000000010011100000100011000101001010000000101110101100000000001
110100110101000110100111001001000001000101100000001011100010010011100001000100000101110100001101010000000000110110011000100110111100111110110001011010000000000010001011010010000011
010010100000000000110000000011000101011000101000010000001010000000101100010100101110100001000000000100000000100010100001000000001010110000100010100100010101000011000000101001000100
000001000101000000001001000000010001100001100100000000001001100001010000110111010010011110000000000010100000000010000111000100101101100010100010100000011000110101010000000100010010
001000110010010100101010000111001010100000000000010000000101000011001101000101001001000001000001001000000100010000000000100101100001101100010100000000100000000000101010000000010010
001010000110000000100010010011101000100010010001100001011100001001100000000000000000111010100100000000010011110100001000101000000000000110110000100001000110000010000000100001000101
110110100101010000001001110001011001000000110000000101101000100111000010100111010000000101100000000110100010001100110101001000001010100100000101010000001000100100000001001001000000
100011000010010010011010011101000010100010000000101001100010110100100100010000100100100000010100100101000000110100100000000000000100001010000011010010001000001010000101100111011101
000000001000110010111000100101010011110110100001001000101001010001001101001000000000000010000010010000000110010000010101001000010000000000011001010100010110101000100010000000000000
000000101001010000001000000000011001011001100000101001100011110000000111001001100000000100001001100001000000000001000000010000000100000000011011000100001001000011110000100010000100
001110000000000011110110000001001111000000110001000001100100010010110000000100000110001111110101000000000100101100101011100000100101100010001000101101010111000100010010000000001000
010000010100000111010000010001000010000010000010011000111011001000111000111000000110001110110000000010010110101011100010110010000100000100110001000010010001001110001100010000101110
001000010001000001000100001000110000000000000000000000100000000011010111001101001001100010001111010110001000110110101010011001101000000000100101000010111100000010111010011101000100
110000010000100000011101000001110000001100010000000001000000001110000001101000011010100000000100000101000100100000000001100011000011010000001010111111001000010000010100010010000000
101100010111100011011001010100011100001100110011101000000010000000000001000010000001000100000110110100100001000001100100101011000100111100000000000100011010000000001010000100000010
000000110000000000010010000001111001100000110110010001000000000001011000010010000101001100000010000001010000001010010000011001000111110001001100001001100000010010110001010110000000
000001000000101001101100110100001000011000011010000010010110100101100100000000010000101001011010110100000000010110111110111001001000001000001111000010001110101110001000001010001100
100100000011100010100111010001011000000101001101000100010000000010000011110010010100110000100001010000000100000000001101001000010100000001000000000010000011110000000000010000001010
100010010000000001101100001000000111000001000100000010100000100011011100111000100100110000000010110011001000010010000101100010101101000011001000111010000001000110010010010101000101
001000010010001000010100010100000000010011000001000010000000000100010001101100001100000000000000100000010011011000010110101001001000100000001000100101101011000000000000100100000010
010100010100000000000110011010001110100011000111000000000000010001101000001001000000000000000000000100000000111000111100001010000000001010000100000000011100001111000011100011100000
010000101000001110100100000000110000011001100100000010000001010000001011000010011010101001100100010001011100100001010100101001001011111010000110000001110000000101000000010011100011
011100000100000010101001010100011001011001000000000000000001010010000010001110100001100000101000100011011000001000000000000000000101010011100010001111010000000001100100000010000000
000010111100000000000000011101110000010011110010000011100100100100010111000100000010010001010110010001000010101100001000000101100111101110001100000010001000100000000010010101100000
010010001010000110000100010111000100000101000100000001001011100100010001100100110110000110010001101001101010100000010011010111100010010110000010110010000100001100011001101000000100
100001010001000100111000011100000000011010100100000110000000011001011000000100010110010001100010100000010000000000001101000001101000011110010000010011100001000000000001110001000000
010100010001000011001000010100110000100011000100001000010101000001100001000100011101000010001100110101000100100000000001000011001010110110100100110010100110010011010000101100000100
100100000001000111000010000000100111000001000110010010001100000110100010111010000000100010011000000000001011010100001100010001000000000011000110000000110000000100110001011011011010
111101010000110000000000011101001001000000100011000000101001101111000100100000111101000000110000000101010100010001000000011001000010011100001101000101000100000111010000010000000110
001100100010001000000010100101000010110010100001000100010000000000101100000001101000010001010000111000000000000101000101001000101010100101000100010010011001110100000100100010000010
110000010001000000000110011011001000100000111001110010001100000000000000001000000010011000110000110100001000001000010100101000000000100100001101010001000001000100000100000110000000
100000011001000001010100011010110000000100010011010101001000001001000000101000011001011000000001011000000001100101001010100100001001010100100001100100000010011110000000000100000101
010000001010100100100000001011010000000000001001000100010000101000011011011000000110010001000011001000100000000110001011001101010011100010000000010010101000000010000001110000000000
100000100000100011001001001000110100000000000001000000100000101000000000000110000000000101010010000100100000110100000100010110111010111001010111001000010110001000000000000000011000
100010110010100011000000000000000001000011011001000100100000100000010000011100001100010010001000010100011000000011000000000001000001100010111010011100001010010011101100010111011100
001111000011100100001011100110011001000000000001100100100011000010100011110101100010101011010100010000000100011101110110010111001010001000100010010000000000111001000001000101111100
011110011000000110001000100000101100011001001010110000010100110100000000000000101011010100001000100001101001000000011000010000000000000001100000000011101101101100001000000010001001
001000011010000010010001001000010101000110110100000100011000001001100000000111100011100010100001011001100010000000011001000011000101001000000101111000101000000000000000100100000000
001100110100000000110000001000001000100000100010100000001000011010001111000000100011001010000000000000000001000001100000001100101101011100001110010000000000000100001010100100011100
100110110000010100010100000001000011001100000001001111000001110110000001000000010011011001110000111001011000000111001100100000111000000101000001000001011001011100000100000001001000
000011101000001001100000010011000001011000100000000000001111101100010100100111000011000100000000000010110000010100000100011001011100110101000001011011101111010010110001000100101000
100011010000100000011000010101101000010010000000011101100010010000101000000000000011010000000000001000000111011000100110010100010010100000100000100000110010000101000000110000001010
000000101100001000111000001011000100010100011101010010101000110101110100011000010100000000001101000000100011000110000100001111001010100000110000000000001100000101100001001100001100
101001101000100000100000010000110000101001000000000101001110000000000000001001000000100000000001100000010000000011000000000000010111011000010100000101001011101000011100100010000001
000001000100000000100011000010000000001000100100000000011010000110110001110010010000011000000100100100000001010011000000000001000001011111010001110010101000110011011000110000000011
100000000010000000000100010000001000111010111010000010100000101000010100010000000001000100000000011110000000000010010011100000010010010000100010000000000000100100000000001001101000
110100000000111000000000010000011000010001011011000011100001000111001000100001001000110010001000011110010000000000011110010000100100011100110101100000010001010110010010000100000100
011000000000100000010101110000001000000010010000010100110100100000100000000000000000000001110000000000000000010010110001001101100101101010010001010000000010001001000000000100000011
010000100000000100010000000000010100010010001010110010110100010000101100100010000111111000111000001000111110001011110000010010100110100100010000011001000001010010011101101011101011
100001101100000010000000100010011000100000110010010010100010000101011000110000000000000001001010001000010101010000001010010100011100100110000000000100011000100100000110010010000100
010000000011000010000000100100000000010001001000000010000001100101000010100011101100000001000101000000100110110010010000010101001000101000000101000100000001110011010000110001100010
101100010000111001001011110001001010000001010001001001100000000100111001000000111101000001100011110010101010001100000110000001001001001000000010001010011101100011000000100100100000
100110010000000010001000011000000000001001000011001101001010000000100010100000000000000101000100010000000001001000101000101000000100010000111000000001101110010000101000101000101000
000100001100100000001010010000001001000011011010010001001000001000000100000111100110110001000100000000100001000010011110110011001011000100000011110010100110000000001000000101111001
100000000001011011111100000001000010000000111010111000010000010010010100000000100000111100011100000000000000000001100010000101000010000010000001000011100010000110101010001000000000
100000001010000110100000011101010001000000110000000001000101001110000001000000000000000100110101010110000010011101001000110000010010010000000000000011000010000010010100100110100000
001000101001010011000000010001000000111001010000000101001000000100001001110110010000001001000100011011110000101000001001000000000010100001000000001001000000011000110000111010110000
