000010000010000100000010101011000010100100010001011001000000100000100000001011000101010011010000010001101100000010101100001011000001000111101011010110110100100000111000100000010000
000100010000001000000100101001001000100000000010000100100011000000010000001000000000100101110100110100001001001100100100000010111000001001000001100100010000110000010000000000000000
000010010001100000010001110001010001100011110000010110000110110000101100001010011010000000111010010100001010000100000000010001010101000000100010010000010000010100010011001000000010
000000010000000001011010000101010110011000010110000000101100101101010010010011110000010000000011100001010000000000000100101110110111001100001001000010000000000001000100001010101010
001001000010001000010011010010001100011100010000100001000011010101001100100110100000000001001100100000011110111001000100101001010000000001001001000000100110000101100000000000010101
001010111000110001000100010000000001110000110010000100100101011001100001010000111000000000011000000010011110001000101100000011000110011001001000011101100001010100010000010100001000
000110001101000000000100001000000101000000100100000100000110101010101000100000000100100000001010010010001000000100111100000001001010000100110101001000000000101000000000000000000000
000010111000001100110001001100100100010100010011100111000011001100011000010010000000101000000010100011000001010010000010100110100010100000000110110010010000000000101010000010010000
101001100000001101110010001100011101100001000100000100100010100011011011010100011110000000011100100000101110010001000001000000110000010011000000010000010011011010000111000000100100
000110001011001001000010101000010111100100000001000011000000000000100000010100000000101000000111101000111000010000110000110000011100000011101000110000011101001000100000010101010010
100000000100000001000010000000101000100001000010001000110110010010100010100000001000100000100000000011000101001100010001001101011010001000000110100110000111000100110100101101000010
001000001001110100101001000110000011000000101001000011001111001000000000100011000110100010101011011110000010011000011100011000101100010001000011000000100100000011100001010000011000
010000110000010000100101000010011101000011010000000100000001001000010010101001000000000100010000000010000000000001111011100110000100000000000011000000001011100100000010000000000100
111101000010001001000001000110000000001000000000001001111000001010000010000010000010101010000111100110100100000111000110101010000000100000000000001010001010010000001100000110000010
000000000000000110101000010100000100100000000001100000011001110010101001000000100010011010001000100001100000000110011110110010100000010000010010100100000000011000010000101000100010
100000110000010000100000010000000000101000011100000010000000000000000000100000011010001000010100100000100000000010010010001100001000000001010100100100110011000100001000000110010010
100000000100001000111100100101000000110000100000100011100001000010000010100100010000010100010000110010000110000010000000110100011001010011000000000001000100010001110100000100110010
011000010000011000010011001000000000010001110100011000010110000000000010000110111010101000000000000001001101000111110011010100001100110000110011000001010000100011100000010000001101
000000000100000100000000111001000011100100001110100000000000000010010010100010000001100001001010101000001000000001100000110000100001001000011010000010000110010110111010110110100110
000100000010010010000010111000110100010100100101100010000000010001011101001011010101000011100100001110001010000110001000000010101111011000111100000100100011010001110101110000100001
100100000111101001100100100000110010000000001010010100110100010010110111001000100100001100100110000000000001010000000101010001000010010000000101010010111001100000110000000011100101
011100000010010000010100100001001100011011000001000100001100000001000000110000101100000010100010010100100101100011101000001101010100000101001111000100000001010100000001100001010110
100011101111010000000001000101001011100011000100000000000100001111011100010000011101000100001101001000010011010000010010001100000010111100010000010000000100100000101010010001110000
000010100000000100010011000000111001010011000100001110001110101001001001010000001100111101101100000000010010010000100000001011010100101110001000000001010100000011010000000000100010
001001000001000001001011000010011010001100000011000000000000011110100100100001010000000000000000000101110100011010000111000101000000010110100101000000011000001001000000100000010100
100010011001000101001110000100010100010010010001001010011100101010000111001101001110011000011000000101010001000001101101010000010100001001100100010010010101100100011000100000000001
100000100011000011100000100101100101001000001000010110010101000100000010011011010000000000000000000000000010100000000000000100100011000000001001100001000000000010100000011101000100
000001100110011000100001100001110001000000100010010111001111001000000000000001010110011100110000100000000000011100011000000100101000110000000000010000001110011000001100100000000010
111011101000011010000001100000001000101000100100001100001000010100010000110000010100000001100010000001101101010000010100010000100000110011110010010000101110010000001011000000101011
000010000110000000000000110001000010011001011110100000011000110001100101001001011110000011000000000000000010010000001000010010100101000010000100000101100010010010000000000100100110
000111100110111000001000100101000001100010001110000011111111010010010010000110101100100101001101100000010000111100101011100010100110000010010000011111100010000000111000001000110001
000100100000010011000000101000100100001000001000001000000110010101000011001000000010110001000100000101000000100010001001010010111001110000100010100001001100000011001100100000000100
000000000000110101001110000001001010100000011100000000100011000100000000101000000000001000001000011001110100011010001000101000100101100110010000101000101100010010100000100011100110
010010000000000000100101000001111001001011110000100101010001101000000001001101001001100000001001010110001000100010110011100100010010000010001001000001100001000000000100110001100101
001101101100110000010010010001110000110000000000001001001000110000110001010001000100010110011010011000000101001100001000110110000110010000110100101000100010101000100110100011101000
100011110011100000000001110111100010100001000100001000100001010100100000000100101101010000100100010101101000101000100010001000000010000110100001001101010001010000001000110000000001
000000010010010101111101000010110000111000011100000000010000000001100000110010101100001100000100001001100000010111001001100101101001000010010101001000000001000010101000000001010010
111000010000101110001000000101010110001000101000000110100110001000000000000000000010001001000000001100101010000100000001001010100010000000000101010101000011000100101000010111000000
101110011000101100111100100000000011010000110000000001100011010000001100000000110000110010110011100100011111100001001010001110000010000000000011000001001000100101000101100010101100
000000000100000010010100110110000001010000001100000111100010011010000111000010101010000000000000101001100001000101100101000100000101000110110010110001000111001000010000000110100100
111000000000000000110000110000001100101000000000000000101010010000010010101000101011100000000010010101010000100011100000110010110000000001101001000110001001000000101000100000000001
001000000011101000000000010101011110011110010000000010001111001000100001101100101010101000000000010110100010100000100001100000000010011110110011000001001001000001000101001001010011
000110001011101100000000000010000000010110000001010011001000110000010000101010010000010000000001001011100000000100110000010010001000001000001100110010011010000101100100100000100010
001100100000000000010001000100000001000010010110101101010001100110100000000010000001101000001001011000000101001000000001000001000100100000010110101000000100000100000000001110100100
011101000000110000001111000000010000110010000000010001110000000101000001010010110111110000100000001110011000001110100000100000000001101000000000000000110001001010100110000000100010
001000000000000000001000001001010010001010100010100000101000000010000100010100100000001010110000001000101000001000001001001110001111000000010010100010011010001000000100100010101001
000000000000000101100010000001001000111000000101000110100001000001001001001100001000111000001001000010011100111011100001000110110011010100001000111100000001110010000000100101100010
010001110000000000100000100001000000000010000011011001101110000001101000110000110000000000001000001011000000001000100101000100010000100001001010000110001001001010100010010101001111
000000001000001000000110001000010100010000000010001010000100000010000100000010001010101100101010100100100100000100000110010001000000001011000000000000110000000011111010001001001000
100100100010101111000001100100100111110110001001010111001111011100000001010100010111001010001100000111000000010000100000000000010100010000010000101110010001000010100011011000000001
001000010010010010001010001001110010000011101010100100101111100111001010100011101110000100000111101000010111100000001001000100010001010101000100100100010000000100000001000001000000
000000000001110101100110001000010010101100000001011100100011111000000001100110110100000100000011110101100111000010000010100010001100000001000110100000100000000000100000100010100110
110000001001100010001010010010100000001000010011100000100000011111110001100100100010000000001101000000000101000001100111000111000010000000000001101000001100100001001100100000100111
010000011100100000010000000001001101000000001100000101011011010011110000000100111100001110010001000000000001000001101000000100110000101110000100110010000001110000100010011000011001
111000001100010010000000100000100100101011001000000000010110010111100000000000111000001000000001001000011010000011000010000000001001001110001010101110000010000100011000001100111011
010011010010000001010100000111001110100001000101010000001001000100001010101101011001100001000000100000000010111010010001100000011011101000000000011000100000001110001110010000110010
000011110000000100000000011000010000000010100010010100000000010010010000100000110000000000001010000001001101010000100000100000000010110001000001000000000000001000101000110000100001
101000101010000101000000000100100000010000000101000000000000011000110100000010111100000101000100100100000000110100000000000011100001001100101000100100001100011001001000000000101000
000001000000000000011000011000001010001010000100010111000000000111010000000000001000100001000100010110000010000000111111000111101000000000000110010100001100101101100101000101000100
000011000100110001010101011010100010000010101010001000000011010111000000100001101000010000000110100001001010010000000000000000010000010010001111100000001000010000100101000010001110
